p cnf 399 1000
195 248 0
-181 103 0
372 377 0
-57 -22 0
-386 213 0
-69 102 0
99 267 0
12 164 0
-355 66 0
-153 138 0
127 153 0
-13 96 0
-90 -84 0
160 227 0
-74 63 0
-135 139 0
-296 7 0
-343 -209 0
-190 21 0
218 299 0
-1 126 0
166 315 0
-245 212 0
-108 155 0
-219 195 0
-68 147 0
-327 370 0
-382 200 0
298 358 0
-324 137 0
-166 284 0
242 305 0
-323 -116 0
-205 -114 0
246 381 0
-269 -171 0
21 110 0
136 206 0
-349 -153 0
-267 -7 0
-150 240 0
-15 363 0
171 186 0
172 376 0
-362 -171 0
13 93 0
109 392 0
-338 148 0
-225 -22 0
-184 50 0
223 295 0
26 284 0
-368 353 0
-166 -24 0
-392 248 0
293 309 0
-367 241 0
-146 310 0
26 248 0
122 277 0
-141 -100 0
-149 158 0
-333 52 0
76 295 0
-344 -341 0
-380 -82 0
-97 383 0
102 194 0
128 388 0
-85 77 0
-18 183 0
-340 -42 0
27 54 0
266 357 0
-398 -350 0
-218 -149 0
57 216 0
1 59 0
-27 301 0
-310 216 0
-174 70 0
110 131 0
-375 -207 0
-233 -180 0
-17 46 0
-357 -4 0
-108 173 0
-341 331 0
8 247 0
-324 252 0
119 264 0
-277 33 0
-33 340 0
-125 39 0
-272 -180 0
-280 -189 0
120 221 0
131 170 0
-86 -13 0
-6 201 0
-266 299 0
-377 139 0
-219 -137 0
-80 269 0
-388 -271 0
-118 -79 0
25 127 0
-124 -49 0
72 224 0
-326 227 0
135 293 0
-119 -92 0
249 354 0
-259 16 0
-231 395 0
7 288 0
-277 254 0
-252 -46 0
17 385 0
-4 35 0
-317 284 0
-279 -168 0
-359 246 0
-261 -224 0
-360 263 0
-246 25 0
100 336 0
-71 28 0
-341 -107 0
-194 -77 0
192 355 0
-281 -216 0
-121 215 0
-104 319 0
30 102 0
-255 -168 0
-316 159 0
-314 158 0
332 372 0
196 376 0
-124 382 0
-346 -18 0
199 384 0
-159 57 0
-332 -191 0
-164 322 0
-76 83 0
-350 216 0
-97 382 0
89 99 0
246 384 0
-323 -304 0
-386 -293 0
-28 68 0
-172 -125 0
-109 39 0
-106 -38 0
-59 88 0
-112 384 0
250 301 0
-316 84 0
-295 92 0
-161 102 0
-214 260 0
-18 132 0
-321 -65 0
-56 285 0
-162 94 0
224 297 0
-357 3 0
-77 245 0
-225 354 0
-24 152 0
-340 -149 0
-197 358 0
13 220 0
-198 -47 0
-281 -128 0
52 305 0
-88 312 0
-353 8 0
-186 166 0
-317 -137 0
-120 285 0
-176 -121 0
-376 -28 0
17 36 0
-305 86 0
-392 -355 0
-123 242 0
-373 330 0
-126 65 0
19 79 0
88 194 0
-109 13 0
-256 -105 0
-348 288 0
-245 330 0
23 273 0
93 278 0
-178 -6 0
-223 231 0
-125 250 0
-194 -165 0
-220 370 0
-377 170 0
-301 203 0
-22 159 0
-302 -19 0
234 275 0
124 259 0
-290 376 0
-67 289 0
-390 203 0
-274 64 0
-285 253 0
150 321 0
108 245 0
-281 117 0
-179 269 0
-245 -193 0
-230 393 0
-228 -56 0
-31 102 0
-300 -270 0
-143 -54 0
-388 -310 0
-116 236 0
-256 -115 0
-39 232 0
-343 390 0
-111 341 0
-350 258 0
301 389 0
-187 -149 0
-189 126 0
-246 -217 0
-93 317 0
38 218 0
-14 180 0
-182 165 0
-9 284 0
-194 168 0
-355 -266 0
-220 -11 0
-396 73 0
-222 130 0
-396 -37 0
-352 188 0
150 340 0
-224 384 0
-92 144 0
-285 -88 0
37 244 0
-69 203 0
-193 -12 0
246 312 0
-317 182 0
-187 267 0
-243 187 0
-147 166 0
-66 114 0
-285 -200 0
-335 74 0
-337 31 0
-151 -4 0
-260 -121 0
-224 -69 0
55 170 0
-281 387 0
-151 279 0
-118 90 0
-302 23 0
-167 -67 0
-331 -230 0
-313 -109 0
-273 -270 0
-309 -49 0
-275 -223 0
52 343 0
-398 142 0
195 259 0
198 203 0
88 326 0
-35 52 0
84 372 0
-60 207 0
-243 304 0
-104 4 0
-364 -149 0
207 244 0
-396 108 0
-344 210 0
312 353 0
-158 27 0
-183 89 0
-357 374 0
-316 -35 0
53 121 0
-391 368 0
-386 218 0
56 189 0
286 384 0
-184 279 0
-260 -131 0
-63 219 0
-244 310 0
5 174 0
-69 -47 0
-173 -138 0
-242 142 0
-311 35 0
133 221 0
-121 162 0
-148 -123 0
110 394 0
-386 -146 0
208 324 0
-230 -198 0
334 391 0
-276 119 0
-287 -156 0
4 109 0
-67 353 0
-343 -193 0
143 196 0
-383 -128 0
-293 195 0
-312 -156 0
-380 -86 0
-234 -13 0
-154 -93 0
7 216 0
-123 11 0
-352 173 0
-79 385 0
-94 183 0
-127 390 0
-354 -112 0
-236 56 0
-40 22 0
160 375 0
-329 -92 0
-259 -228 0
-396 -39 0
-94 338 0
-116 -57 0
-36 182 0
-290 -195 0
-242 312 0
8 210 0
-110 169 0
-25 28 0
-203 -82 0
-153 116 0
-64 117 0
-198 129 0
-293 -139 0
-151 70 0
-381 -331 0
-368 181 0
-360 -224 0
318 327 0
-147 67 0
56 101 0
-318 -78 0
-160 45 0
-303 -225 0
52 381 0
-296 386 0
-12 133 0
-290 -10 0
297 332 0
36 221 0
50 375 0
-304 331 0
-185 288 0
26 374 0
-211 326 0
-393 35 0
-48 84 0
-70 365 0
-363 -205 0
-120 -18 0
-362 322 0
-186 135 0
-394 -274 0
-351 197 0
25 316 0
-55 324 0
253 261 0
41 300 0
-367 47 0
-18 60 0
-391 107 0
-392 -270 0
-221 -10 0
-204 -95 0
-379 -366 0
-232 -230 0
-75 197 0
-309 -273 0
-111 393 0
-377 227 0
-128 256 0
-336 223 0
42 391 0
-141 -121 0
-301 -143 0
-153 274 0
41 286 0
-28 242 0
-384 -2 0
79 184 0
102 128 0
-31 239 0
3 336 0
19 35 0
-11 326 0
-272 37 0
-146 322 0
-180 385 0
-176 -20 0
-26 167 0
-2 151 0
37 83 0
164 397 0
144 342 0
245 369 0
-267 -25 0
-179 -133 0
-216 175 0
-5 285 0
-335 -216 0
78 190 0
-147 90 0
-351 79 0
158 273 0
-361 -288 0
-329 -305 0
-325 -183 0
-327 -87 0
66 177 0
23 272 0
-276 302 0
-58 134 0
-237 199 0
-99 340 0
-321 -283 0
121 204 0
-151 223 0
120 285 0
-237 139 0
231 276 0
-308 -107 0
-378 -120 0
38 97 0
-171 87 0
53 254 0
-236 42 0
48 187 0
-258 -103 0
-59 252 0
-345 244 0
-118 363 0
-381 288 0
-347 -318 0
97 315 0
2 388 0
-343 267 0
38 119 0
-258 -25 0
-160 354 0
-200 254 0
-147 -40 0
-332 -40 0
-78 98 0
-104 218 0
-351 305 0
-329 84 0
98 110 0
-211 330 0
-162 152 0
-325 -95 0
36 49 0
125 288 0
-191 -187 0
133 180 0
-191 83 0
340 392 0
-128 73 0
202 310 0
-201 -174 0
-87 173 0
-49 -10 0
335 375 0
-275 -27 0
-375 375 0
-320 230 0
-295 -128 0
-366 358 0
-329 -101 0
-360 -302 0
19 114 0
9 110 0
-359 -303 0
-312 -105 0
-207 363 0
-360 -269 0
130 225 0
48 133 0
-361 123 0
379 380 0
-94 115 0
-344 -255 0
-255 -114 0
-364 319 0
-313 301 0
-155 306 0
-105 137 0
-381 -151 0
-122 91 0
-174 170 0
-392 217 0
113 264 0
-320 351 0
-122 188 0
-288 120 0
201 362 0
-74 189 0
-44 360 0
31 159 0
-285 29 0
-197 76 0
243 348 0
-366 280 0
-33 389 0
381 394 0
-302 100 0
-344 -68 0
-158 261 0
136 282 0
12 392 0
227 280 0
-42 20 0
-144 389 0
-128 20 0
204 327 0
-189 -172 0
-327 -38 0
-265 44 0
-99 281 0
-183 -13 0
-281 148 0
-256 54 0
257 374 0
-32 191 0
-349 -11 0
-277 219 0
34 153 0
-319 -86 0
95 131 0
-163 -83 0
178 192 0
-277 4 0
-193 -119 0
-126 -9 0
-8 333 0
89 289 0
-198 263 0
-104 214 0
-312 -272 0
-63 286 0
20 122 0
-18 17 0
-395 -192 0
-253 -106 0
-227 188 0
-398 -156 0
104 328 0
-308 285 0
50 136 0
-78 299 0
-167 -48 0
-310 -290 0
-98 13 0
-27 272 0
217 292 0
-347 -143 0
-119 170 0
-319 41 0
-371 -12 0
228 235 0
-327 106 0
286 352 0
-8 369 0
-259 372 0
-89 88 0
-383 -92 0
-305 -132 0
-61 265 0
-334 30 0
-228 -34 0
301 315 0
380 384 0
-233 348 0
-93 33 0
-320 274 0
-350 244 0
141 166 0
-186 22 0
183 301 0
-44 334 0
-215 -192 0
-42 343 0
-67 371 0
43 165 0
70 355 0
11 55 0
-171 388 0
-386 272 0
-191 348 0
-355 389 0
-187 9 0
-337 -200 0
119 168 0
-116 -39 0
-30 244 0
-268 -18 0
-237 271 0
-279 49 0
-344 -298 0
-20 -10 0
-322 251 0
251 256 0
-89 302 0
-104 50 0
209 327 0
183 206 0
113 345 0
-374 -230 0
-258 313 0
154 236 0
200 259 0
-250 -44 0
-386 -274 0
-340 390 0
-299 -261 0
-241 -97 0
-34 380 0
-314 -244 0
-18 361 0
-69 285 0
-189 185 0
184 381 0
-216 33 0
109 144 0
-64 -48 0
-290 -161 0
218 228 0
22 171 0
-265 376 0
54 117 0
-208 394 0
-303 39 0
-180 -147 0
-119 -88 0
-396 232 0
129 138 0
210 232 0
-155 258 0
-191 -176 0
-314 -82 0
66 263 0
69 297 0
150 313 0
-330 -165 0
-290 -23 0
368 380 0
-119 272 0
-175 -29 0
-233 -159 0
195 283 0
210 333 0
-162 105 0
255 368 0
-216 95 0
-5 397 0
-103 289 0
-365 247 0
-266 -193 0
188 262 0
-16 204 0
142 331 0
-258 -63 0
104 215 0
11 162 0
-234 272 0
107 289 0
218 331 0
-294 -80 0
63 95 0
-233 -231 0
-262 152 0
-88 -47 0
-301 207 0
126 340 0
43 55 0
-16 117 0
-42 107 0
-44 4 0
-274 279 0
-248 -81 0
-339 -337 0
287 293 0
-155 276 0
-124 245 0
54 265 0
-318 -250 0
-177 -156 0
-287 288 0
233 294 0
-396 -176 0
-178 50 0
-370 196 0
-356 -100 0
-223 17 0
-350 -236 0
-399 150 0
338 371 0
-396 -126 0
-72 -10 0
-277 333 0
77 198 0
152 275 0
-338 229 0
160 367 0
278 339 0
360 370 0
-313 298 0
-361 -127 0
-328 -191 0
-98 312 0
226 285 0
-236 149 0
-41 328 0
-392 155 0
228 369 0
-267 62 0
-242 385 0
-224 -208 0
-337 -219 0
-199 -23 0
-332 13 0
-378 370 0
-118 299 0
-193 226 0
-104 49 0
-6 68 0
-345 -118 0
-54 352 0
-374 99 0
231 287 0
34 61 0
-340 -76 0
-229 206 0
68 232 0
-159 -134 0
-108 270 0
-332 253 0
-182 152 0
-399 207 0
-208 210 0
-147 129 0
-29 54 0
-264 -244 0
-146 71 0
139 342 0
-252 25 0
-158 354 0
-272 89 0
354 387 0
-58 389 0
70 265 0
207 276 0
-158 43 0
-136 153 0
-327 219 0
-293 -106 0
-279 388 0
-266 -66 0
-385 394 0
-198 338 0
-161 203 0
-381 194 0
-393 -272 0
-179 68 0
-2 34 0
-317 -226 0
149 326 0
-397 -224 0
-268 -156 0
-92 161 0
-77 360 0
-331 -44 0
-254 252 0
-357 -306 0
261 305 0
296 339 0
-311 92 0
238 390 0
250 325 0
94 352 0
-67 359 0
33 150 0
-136 -57 0
-293 21 0
-163 297 0
68 364 0
39 216 0
-296 -56 0
-360 -179 0
-134 399 0
-269 -88 0
-302 -157 0
20 131 0
51 93 0
96 338 0
-21 385 0
109 370 0
-133 101 0
-375 -370 0
-44 273 0
-314 168 0
-221 109 0
-217 -147 0
-239 33 0
-187 339 0
-314 24 0
-238 -53 0
-339 181 0
-326 281 0
69 387 0
172 373 0
302 369 0
-207 19 0
12 193 0
68 114 0
-316 -241 0
-183 -24 0
57 112 0
-321 186 0
-386 312 0
-99 210 0
-384 -30 0
166 190 0
111 326 0
-329 -96 0
-311 191 0
-222 -214 0
-334 -53 0
73 217 0
203 205 0
-313 372 0
-7 -2 0
-224 51 0
247 328 0
75 131 0
-296 67 0
-324 -95 0
-141 269 0
-105 251 0
-347 355 0
-184 78 0
3 38 0
-61 -10 0
-254 -246 0
-83 38 0
21 351 0
-124 -103 0
-152 135 0
-236 168 0
-292 262 0
-159 -136 0
-54 17 0
-97 306 0
-387 -236 0
-189 257 0
172 249 0
-69 -26 0
-148 -59 0
-227 -104 0
-348 -322 0
-162 114 0
-368 -123 0
-212 -140 0
309 357 0
-17 391 0
59 130 0
213 391 0
60 89 0
176 243 0
-200 244 0
-196 293 0
-83 127 0
-117 11 0
-368 -322 0
-77 346 0
-187 -153 0
-323 -213 0
371 385 0
-90 362 0
-344 -220 0
-231 -118 0
-324 -302 0
-56 -21 0
-262 73 0
-270 167 0
-337 75 0
-105 -95 0
-299 103 0
-153 -88 0
190 262 0
53 244 0
-383 -138 0
308 342 0
-264 -40 0
-30 290 0
-336 -106 0
-341 -127 0
-244 144 0
-337 -50 0
51 382 0
-367 101 0
-124 -55 0
45 88 0
-311 84 0
-31 149 0
-350 274 0
-236 315 0
-267 134 0
-340 -246 0
-287 244 0
-296 275 0
-75 154 0
-106 -10 0
74 147 0
-14 385 0
-62 278 0
54 370 0
-168 -76 0
-202 -139 0
-29 -27 0
1 123 0
-200 67 0
-80 232 0
-237 -69 0
-389 -349 0
191 364 0
-42 361 0
-299 203 0
4 319 0
6 368 0
-104 -87 0
-115 221 0
-384 117 0
-251 -176 0
221 222 0
88 130 0
-29 326 0
-364 -184 0
-398 296 0
-332 70 0
27 282 0
-329 176 0
-214 -147 0
-276 15 0
-6 354 0
-164 -12 0
183 256 0
-389 -322 0
-133 37 0
168 260 0
-157 280 0
-142 109 0
378 379 0
-320 -282 0
-138 -134 0
-348 -230 0
-64 363 0
338 380 0
268 311 0
-181 307 0
-8 49 0
38 249 0
119 346 0
-124 181 0
-149 15 0
-31 286 0
211 382 0